%YAML:1.0
---
calibration_time: "Wed Dec  6 14:02:31 2017"
image_width: 640
image_height: 480
board_width: 9
board_height: 6
square_size: 2.6000000536441803e-02
flags: 0
camera_matrix: !!opencv-matrix
   rows: 3
   cols: 3
   dt: d
   data: [ 6.5229105359819175e+02, 0., 3.1950000000000000e+02, 0.,
       6.5229105359819175e+02, 2.3950000000000000e+02, 0., 0., 1. ]
distortion_coefficients: !!opencv-matrix
   rows: 5
   cols: 1
   dt: d
   data: [ 4.1114437226708621e-02, -1.7725515052316940e-01,
       0., 0.,
       4.4736155936386729e-01 ]
