%YAML:1.0
---
calibration_time: "Thu Jan 17 18:09:06 2019"
image_width: 640
image_height: 480
board_width: 9
board_height: 6
square_size: 2.6000000536441803e-02
flags: 0
camera_matrix: !!opencv-matrix
   rows: 3
   cols: 3
   dt: d
   data: [ 6.4306796641894289e+02, 0., 3.2543374160411042e+02, 0.,
       6.4199298716891622e+02, 2.2613523531182238e+02, 0., 0., 1. ]
distortion_coefficients: !!opencv-matrix
   rows: 5
   cols: 1
   dt: d
   data: [ 6.0155847928176354e-02, -3.3706599639223150e-01,
       -3.9099765202598316e-03, 1.6586499500435279e-03,
       7.3711938676618882e-01 ]
